0 0.470703 0.902344 0.347656 0.195312
0 0.090820 0.899902 0.181641 0.200195
0 0.292969 0.875977 0.132812 0.115234
0 0.690430 0.867188 0.031250 0.031250
0 0.626953 0.869629 0.052734 0.075195
0 0.712402 0.865234 0.022461 0.027344
0 0.656738 0.871582 0.026367 0.045898
0 0.733887 0.865234 0.022461 0.025391
0 0.672852 0.870117 0.025391 0.039062
0 0.992188 0.863770 0.015625 0.016602
0 0.765625 0.864258 0.019531 0.021484
0 0.470703 0.902344 0.347656 0.195312
0 0.090820 0.899902 0.181641 0.200195
0 0.292969 0.875977 0.132812 0.115234
0 0.690430 0.867188 0.031250 0.031250
0 0.626953 0.869629 0.052734 0.075195
0 0.712402 0.865234 0.022461 0.027344
0 0.656738 0.871582 0.026367 0.045898
0 0.733887 0.865234 0.022461 0.025391
0 0.672852 0.870117 0.025391 0.039062
0 0.992188 0.863770 0.015625 0.016602
0 0.765625 0.864258 0.019531 0.021484
